# Created by Octave 3.8.1, Sun May 15 16:49:14 2016 IST <pratik@pratik-HP-ProBook-6470b>
# name: m
# type: matrix
# rows: 27
# columns: 27
 3.894213685240444e-05 0.01684247418866492 0.03414738625245214 0.05509825587904572 0.0008323881752201448 0.008158377670578729 0.01712480468084485 0.001533346638563425 0.04269031752444836 0.0008226526410070437 0.01251989699804803 0.06927806146042749 0.02252802616911596 0.2224812956048931 0.0002093139855816738 0.02080483661339707 1.460330131965166e-05 0.0873715517954759 0.1015708284452839 0.1370568506520374 0.0122473020400812 0.02193902634922335 0.01048030258040334 0.0002531238895406288 0.02638816548461055 0.001869222568915413 0.07569864627396766
 0.09256160193894628 0.006607421086040741 0.0001154134687518033 0.0004905072421951642 0.328610998903572 2.885336718795083e-05 2.885336718795083e-05 5.770673437590167e-05 0.02948814126608575 0.005078192625079346 2.885336718795083e-05 0.1049108430953892 0.002019735703156559 0.0002885336718795084 0.1177217381268394 2.885336718795083e-05 2.885336718795083e-05 0.05712966703214265 0.01376305614865255 0.007444168734491315 0.1523457787523804 0.001356108257833689 0.0006059207109469676 2.885336718795083e-05 0.07354723296208668 2.885336718795083e-05 0.005655259968838364
 0.1097746078895399 1.632093486314896e-05 0.01713698160630641 0.0001632093486314896 0.2143428375577353 1.632093486314896e-05 1.632093486314896e-05 0.1834636287966575 0.04202640727260858 1.632093486314896e-05 0.04284245401576602 0.03270715346575052 4.896280458944688e-05 1.632093486314896e-05 0.2094139152290643 1.632093486314896e-05 0.001925870313851577 0.03381697703644465 0.001583130681725449 0.06740546098480521 0.02761502178844804 1.632093486314896e-05 0.0001305674789051917 1.632093486314896e-05 0.005075810742439327 9.792560917889377e-05 0.01029850989864699
 0.02082030127305618 0.0001098919677424809 9.298551116671457e-05 0.0110314629156875 0.1162910615564084 0.0007269776327579503 0.003677154305229167 0.0004311146426820403 0.06601971292836735 0.002003415104228305 0.0005917259801518199 0.01047354984868721 0.00266276691068319 0.002459889431773994 0.04462459213173511 4.226614143941571e-05 0.0003888485012426246 0.030237197585758 0.01883379262540364 0.0004057549578183908 0.009332364029822989 0.002713486280410489 0.0003803952729547414 8.453228287883143e-06 0.009983262607989991 2.535968486364943e-05 0.6456322169436508
 0.04235409215366143 0.0007940995229050067 0.01725419443367998 0.09093710096498973 0.02567482577456467 0.010056476358069 0.006851490683624398 0.002271124635508319 0.01101574858173825 0.0002731702358793223 0.0008735094751955073 0.03292336621964158 0.02269536436462509 0.08434607492487818 0.005136235714149583 0.01088233986189021 0.0008131579114547268 0.1391484711995985 0.0623495181404095 0.02449638208257365 0.001000565398860308 0.01740348514398612 0.01013270991226788 0.009958008017228783 0.01196866800922426 0.000603515637407805 0.3577863046419882
 0.07023965617715618 0.0005099067599067599 1.821095571095571e-05 1.821095571095571e-05 0.08415282634032634 0.05162805944055944 1.821095571095571e-05 7.284382284382284e-05 0.08504516317016317 1.821095571095571e-05 0.0001456876456876457 0.02203525641025641 5.463286713286713e-05 0.0001092657342657343 0.1473084207459207 1.821095571095571e-05 1.821095571095571e-05 0.1030922202797203 0.002731643356643357 0.03915355477855478 0.03392701048951049 1.821095571095571e-05 0.0005099067599067599 1.821095571095571e-05 0.001566142191142191 1.821095571095571e-05 0.3575539044289044
 0.06607577676049479 3.895977403331061e-05 1.94798870166553e-05 0.0008376351417161781 0.1145806954319665 1.94798870166553e-05 0.008688029609428265 0.116022207071199 0.04869971754163826 1.94798870166553e-05 1.94798870166553e-05 0.02883023278464985 0.0003701178533164508 0.01805785526443947 0.06060192850881465 1.94798870166553e-05 1.94798870166553e-05 0.0534333300866855 0.01681114249537353 0.003331060679848057 0.02598616928021817 1.94798870166553e-05 0.0003701178533164508 1.94798870166553e-05 0.001870069153598909 5.843966104996591e-05 0.4351806759520795
 0.1638381552718065 0.0003771348526480254 0.0003771348526480254 0.0003651623176433262 0.4504247256792917 0.0004130524576621231 1.197253500469922e-05 4.190387251644727e-05 0.1555531610485546 5.98626750234961e-06 0.0005746816802255626 0.0009039263928547911 0.002262809115888153 0.0007003932977749043 0.08215553520224604 2.993133751174805e-05 5.98626750234961e-06 0.0076743949380122 0.0009398439978688887 0.02511239217235661 0.009584014271261725 2.993133751174805e-05 0.0002214918975869356 5.98626750234961e-06 0.005351723147100551 5.98626750234961e-06 0.09303258325401528
 0.01675913349754829 0.007729229494233293 0.0491148507101913 0.04979396394944635 0.04864867975782131 0.02155321255093349 0.02471281567255232 3.45311816570363e-05 0.001375492069338613 5.755196942839384e-06 0.007527797601233914 0.04763576509588158 0.05661962752365386 0.2786896567600543 0.0428013996638965 0.004805589447270886 0.0001611455143995027 0.03409378668938051 0.1259582402909828 0.1234604848177905 0.0007539307995119593 0.01977485669559612 2.877598471419692e-05 0.0016805175073091 1.151039388567877e-05 0.003418586984046594 0.0328506641497272
 0.03696572968810165 0.0003850596842510589 0.0003850596842510589 0.0003850596842510589 0.2164035425490951 0.0003850596842510589 0.0003850596842510589 0.0003850596842510589 0.004620716211012707 0.0003850596842510589 0.0003850596842510589 0.0003850596842510589 0.0003850596842510589 0.0003850596842510589 0.2760877936080092 0.0003850596842510589 0.0003850596842510589 0.0003850596842510589 0.0003850596842510589 0.0003850596842510589 0.4559106661532538 0.0003850596842510589 0.0003850596842510589 0.0003850596842510589 0.0003850596842510589 0.0003850596842510589 0.001925298421255295
 0.02808631403826393 0.0003914468855507168 0.002348681313304301 0.0001957234427753584 0.2769486715271322 0.0006850320497137545 0.0006361011890199149 0.0400254440475608 0.1664138572197485 4.893086069383961e-05 4.893086069383961e-05 0.01663649263590547 0.001467925820815188 0.1013847433576357 0.02930958555560992 9.786172138767921e-05 4.893086069383961e-05 0.004697362626608602 0.03660028379899202 0.0002935851641630376 0.03317512355042325 0.0006361011890199149 0.004061261437588688 4.893086069383961e-05 0.0049420169300778 4.893086069383961e-05 0.2507217301952341
 0.07960137158011416 0.0007458743823227772 0.0007355150159016274 0.07161430006940775 0.1771866032673442 0.02386798023432887 0.0009012648786400224 5.179683210574841e-05 0.09850721529871233 1.035936642114968e-05 0.01074266297873222 0.136826511690545 0.004050512270669526 0.001274202069801411 0.0864696315173364 0.003946918606458029 2.071873284229936e-05 0.004806746019413452 0.01607773668562431 0.01701007966352778 0.01569444012804177 0.004382011996146316 0.004848183485098051 1.035936642114968e-05 0.1036868985092872 0.0002693435269498917 0.1366607618278066
 0.1528557065481789 0.01761100120001297 0.0006000064865566114 1.621639152855706e-05 0.2460513086627963 0.002172996464826647 3.243278305711413e-05 1.621639152855706e-05 0.08213602309214153 1.621639152855706e-05 0.0001135147406998995 0.002643271819154802 0.02242726948399442 0.003697337268511011 0.1089579346803749 0.05563843933447929 1.621639152855706e-05 0.001329744105341679 0.03110303895177245 0.000972983491713424 0.02713002302727597 1.621639152855706e-05 0.0001135147406998995 1.621639152855706e-05 0.03984367398566471 1.621639152855706e-05 0.2044562643920475
 0.02995813354909126 0.0008036620926709275 0.04943064884853685 0.1876822493850356 0.08052368359606206 0.004957726287895654 0.1356885700787915 0.0007819414955717133 0.03363977475740808 0.0006570480622512313 0.008107212867281721 0.0114250340741867 0.0007547907491976954 0.01058879108586695 0.06884343250595959 0.0005212943303811422 0.001319526273777266 0.0004072611956102673 0.0335094511748128 0.0868443773519334 0.005202083005261815 0.004094332553201888 0.0005810259724039814 0.0004507023898086958 0.0112675597452174 0.000124893433320482 0.2318347931384634
 0.007157082399800846 0.00465210355987055 0.00714152352501867 0.01583893452825492 0.002608704671811468 0.08772612231350095 0.003998630819019169 0.001872251265455149 0.01163285204547341 0.0006171686996929715 0.01758671479545266 0.04021450502033026 0.05740187536304041 0.143764002987304 0.0372168284789644 0.01583374823666086 0.0001348435814455232 0.1026678283959837 0.03500228196830139 0.05195108289768484 0.1221112355821094 0.03575429424943988 0.05145838519624928 0.000736453406356319 0.003822296904821177 0.0006016098249107958 0.140496639283047
 0.1048624482659407 0.0002655866144346325 0.002832923887302747 4.426443573910542e-05 0.187482017572981 0.002235354004824823 0.0002213221786955271 0.009207002633733927 0.09297744726999092 2.213221786955271e-05 0.0004205121395215015 0.09344222384525153 0.0006197021003474758 0.0001991899608259744 0.1054157537126795 0.05811920412544541 2.213221786955271e-05 0.1738043069295974 0.02377000199189961 0.03990438881880353 0.02585043047163756 2.213221786955271e-05 0.0004426443573910542 2.213221786955271e-05 0.007325764114821946 2.213221786955271e-05 0.07044684947878627
 0.0004242681374628765 0.0004242681374628765 0.0004242681374628765 0.0004242681374628765 0.0004242681374628765 0.0004242681374628765 0.0004242681374628765 0.0004242681374628765 0.0004242681374628765 0.0004242681374628765 0.0004242681374628765 0.0004242681374628765 0.0004242681374628765 0.0004242681374628765 0.0004242681374628765 0.0004242681374628765 0.0004242681374628765 0.0004242681374628765 0.0004242681374628765 0.0004242681374628765 0.9885447602885024 0.0004242681374628765 0.0004242681374628765 0.0004242681374628765 0.0004242681374628765 0.0004242681374628765 0.0008485362749257531
 0.05646588406932606 0.001445418563497102 0.009935564050954382 0.02940818890404852 0.2408715738852041 0.003032677266402799 0.009401974955083955 0.001431909978791522 0.09014954003269078 2.026287705837059e-05 0.006234211841625353 0.008510408364515649 0.01976981371661691 0.0172977427154957 0.09974738946600564 0.003681089332270658 9.456009293906278e-05 0.03327839842219731 0.05452740216407527 0.03105623623812933 0.02053980304483499 0.00476853040106988 0.001877693274075675 6.754292352790198e-06 0.03881691815148527 0.0005606062652815865 0.2170694476339714
 0.05161733920228865 0.002615245777851447 0.01367785819965498 0.0003929007741373066 0.1077530373071563 0.00184786145336452 0.0002762583568152937 0.06655984676869808 0.05739420839702623 2.455629838358166e-05 0.01322970575415462 0.007373028589670393 0.01036275791787146 0.002701192822193982 0.05526394951225053 0.01989060169070114 0.001043642681302221 0.0001596159394932808 0.05946307653584298 0.1089931303755272 0.02428004002676637 0.0004911259676716332 0.004113179979249927 6.139074595895415e-06 0.00228987482426899 3.069537297947707e-05 0.3881491304000835
 0.03934356596418727 7.079364096120066e-05 0.002809622625647651 1.769841024030016e-05 0.08307633766796897 0.0008185514736138826 4.424602560075041e-05 0.3262878911901738 0.06195328504617073 4.424602560075041e-06 4.867062816082545e-05 0.01326495847510497 0.001216765704020636 0.0007920038582534324 0.1094558181311364 0.0001902579100832268 4.424602560075041e-06 0.02500342906698406 0.01726037458685274 0.01941073143104921 0.01602148587003173 7.964284608135074e-05 0.005141388174807198 8.849205120150082e-06 0.01387112902583526 0.0006105951532903557 0.2631930586835037
 0.0202020202020202 0.01393664328611379 0.03143385442931585 0.02159262824920919 0.02912636195540885 0.005088708568284968 0.0501382967343633 0.0007335075413744097 0.02674246244594202 3.056281422393374e-05 0.003850914592215651 0.09604364369871178 0.02090496492917068 0.1341554730359572 0.002276929659683063 0.04243646754993199 3.056281422393374e-05 0.1228625131802136 0.1363865584743043 0.1681718852671954 1.528140711196687e-05 0.001237793976069317 4.584422133590061e-05 0.0006723819129265423 0.0003361909564632712 0.009367502559635692 0.06218004553859319
 0.06866713707431203 3.713744568648568e-05 3.713744568648568e-05 3.713744568648568e-05 0.5414639581089613 3.713744568648568e-05 0.0001485497827459427 3.713744568648568e-05 0.1767371040219854 3.713744568648568e-05 0.0003342370111783711 0.008021688268280907 3.713744568648568e-05 0.01979425855089687 0.05563189363835555 3.713744568648568e-05 3.713744568648568e-05 0.00326809522041074 0.009730010769859248 0.0001114123370594571 0.0008541612507891708 7.427489137297137e-05 7.427489137297137e-05 3.713744568648568e-05 0.00404798157982694 3.713744568648568e-05 0.1106324507000409
 0.2053226160522805 0.00011820530572958 0.0002870700282004086 0.006214221786926493 0.1309883652206218 0.0007598912511187287 1.688647224708286e-05 0.201354295074216 0.1691855654435232 1.688647224708286e-05 0.001080734223813303 0.003377294449416572 5.065941674124858e-05 0.0375386278052652 0.07761022644759283 3.377294449416573e-05 1.688647224708286e-05 0.008932943818706834 0.01231023826812341 0.0001350917779766629 0.0005065941674124859 1.688647224708286e-05 0.0002701835559533258 1.688647224708286e-05 0.0006754588898833145 1.688647224708286e-05 0.1431466252385214
 0.08270124785906532 0.0002446782481037436 0.1472963053584536 0.0002446782481037436 0.07707364815267922 0.0002446782481037436 0.0002446782481037436 0.01468069488622461 0.09836065573770492 0.0002446782481037436 0.0002446782481037436 0.0007340347443112308 0.0002446782481037436 0.0002446782481037436 0.001468069488622462 0.3317837044286763 0.001223391240518718 0.0002446782481037436 0.0002446782481037436 0.115488133104967 0.004404208465867384 0.0207976510888182 0.0002446782481037436 0.01957425984829949 0.001223391240518718 0.0002446782481037436 0.0802544653780279
 0.02882516908316947 0.003219602843622377 0.00363015622636617 0.0003025130188638475 0.05585686812593185 0.002139199204822922 0.0002160807277598911 0.0002809049460878584 0.02411460921800385 2.160807277598911e-05 0.0008427148382635752 0.0043648307007498 0.003608548153590181 0.001037187493247477 0.1291730590548629 0.001231660148231379 2.160807277598911e-05 0.001815078113183085 0.02839300762764969 0.01720002592968733 0.001318092439335336 4.321614555197822e-05 0.001750253894855118 2.160807277598911e-05 2.160807277598911e-05 0.0002376888005358802 0.690313100974524
 0.05716652858326429 0.0004142502071251035 0.0004142502071251035 0.0115990057995029 0.304059652029826 0.0004142502071251035 0.0004142502071251035 0.06420878210439106 0.1019055509527755 0.0004142502071251035 0.002071251035625518 0.01822700911350456 0.02651201325600663 0.007456503728251864 0.2622203811101906 0.0004142502071251035 0.0004142502071251035 0.0004142502071251035 0.001242750621375311 0.0004142502071251035 0.05468102734051367 0.0004142502071251035 0.0008285004142502071 0.0004142502071251035 0.006213753106876553 0.01988400994200497 0.05716652858326429
 0.1009239967911167 0.03652846152514298 0.03060703299493851 0.02521368507926981 0.01719869105264069 0.03107018566506415 0.01422931972828377 0.07215081751496229 0.04487242380345013 0.002399448256756835 0.005875257547512827 0.01981745147718288 0.02847018220224045 0.02198315913406322 0.04939862295044122 0.02744432068056029 0.002063265789033238 0.02213898620064755 0.06554836699005592 0.1286871858208912 0.008180920995677242 0.005865157645049027 0.05899641597746856 0.0003448395269782824 0.009828647940485604 0.0002308549134582643 0.1699323017966284


