# Created by Octave 3.8.1, Sun May 15 16:49:14 2016 IST <pratik@pratik-HP-ProBook-6470b>
# name: m
# type: matrix
# rows: 27
# columns: 27
 3.894213685240444e-05 0.01684247418866492 0.03414738625245214 0.05509825587904572 0.0008323881752201448 0.008158377670578729 0.01712480468084485 0.001533346638563425 0.04269031752444836 0.0008226526410070437 0.01251989699804803 0.06927806146042749 0.02252802616911596 0.2224812956048931 0.0002093139855816738 0.02080483661339707 1.460330131965166e-05 0.0873715517954759 0.1015708284452839 0.1370568506520374 0.0122473020400812 0.02193902634922335 0.01048030258040334 0.0002531238895406288 0.02638816548461055 0.001869222568915413 0.07569864627396766
 0.09256160193894628 0.006607421086040741 0.0001154134687518033 0.0004905072421951642 0.328610998903572 2.885336718795083e-05 2.885336718795083e-05 5.770673437590167e-05 0.02948814126608575 0.005078192625079346 2.885336718795083e-05 0.1049108430953892 0.002019735703156559 0.0002885336718795084 0.1177217381268394 2.885336718795083e-05 2.885336718795083e-05 0.05712966703214265 0.01376305614865255 0.007444168734491315 0.1523457787523804 0.001356108257833689 0.0006059207109469676 2.885336718795083e-05 0.07354723296208668 2.885336718795083e-05 0.005655259968838364
 0.1097746078895399 1.632093486314896e-05 0.01713698160630641 0.0001632093486314896 0.2143428375577353 1.632093486314896e-05 1.632093486314896e-05 0.1834636287966575 0.04202640727260858 1.632093486314896e-05 0.04284245401576602 0.03270715346575052 4.896280458944688e-05 1.632093486314896e-05 0.2094139152290643 1.632093486314896e-05 0.001925870313851577 0.03381697703644465 0.001583130681725449 0.06740546098480521 0.02761502178844804 1.632093486314896e-05 0.0001305674789051917 1.632093486314896e-05 0.005075810742439327 9.792560917889377e-05 0.01029850989864699
 0.02082030127305618 0.0001098919677424809 9.298551116671457e-05 0.0110314629156875 0.1162910615564084 0.0007269776327579503 0.003677154305229167 0.0004311146426820403 0.06601971292836735 0.002003415104228305 0.0005917259801518199 0.01047354984868721 0.00266276691068319 0.002459889431773994 0.04462459213173511 4.226614143941571e-05 0.0003888485012426246 0.030237197585758 0.01883379262540364 0.0004057549578183908 0.009332364029822989 0.002713486280410489 0.0003803952729547414 8.453228287883143e-06 0.009983262607989991 2.535968486364943e-05 0.6456322169436508
 0.04235409215366143 0.0007940995229050067 0.01725419443367998 0.09093710096498973 0.02567482577456467 0.010056476358069 0.006851490683624398 0.002271124635508319 0.01101574858173825 0.0002731702358793223 0.0008735094751955073 0.03292336621964158 0.02269536436462509 0.08434607492487818 0.005136235714149583 0.01088233986189021 0.0008131579114547268 0.1391484711995985 0.0623495181404095 0.02449638208257365 0.001000565398860308 0.01740348514398612 0.01013270991226788 0.009958008017228783 0.01196866800922426 0.000603515637407805 0.3577863046419882
 0.07023965617715618 0.0005099067599067599 1.821095571095571e-05 1.821095571095571e-05 0.08415282634032634 0.05162805944055944 1.821095571095571e-05 7.284382284382284e-05 0.08504516317016317 1.821095571095571e-05 0.0001456876456876457 0.02203525641025641 5.463286713286713e-05 0.0001092657342657343 0.1473084207459207 1.821095571095571e-05 1.821095571095571e-05 0.1030922202797203 0.002731643356643357 0.03915355477855478 0.03392701048951049 1.821095571095571e-05 0.0005099067599067599 1.821095571095571e-05 0.001566142191142191 1.821095571095571e-05 0.3575539044289044
 0.06607577676049479 3.895977403331061e-05 1.94798870166553e-05 0.0008376351417161781 0.1145806954319665 1.94798870166553e-05 0.008688029609428265 0.116022207071199 0.04869971754163826 1.94798870166553e-05 1.94798870166553e-05 0.02883023278464985 0.0003701178533164508 0.01805785526443947 0.06060192850881465 1.94798870166553e-05 1.94798870166553e-05 0.0534333300866855 0.01681114249537353 0.003331060679848057 0.02598616928021817 1.94798870166553e-05 0.0003701178533164508 1.94798870166553e-05 0.001870069153598909 5.843966104996591e-05 0.4351806759520795
 0.1638381552718065 0.0003771348526480254 0.0003771348526480254 0.0003651623176433262 0.4504247256792917 0.0004130524576621231 1.197253500469922e-05 4.190387251644727e-05 0.1555531610485546 5.98626750234961e-06 0.0005746816802255626 0.0009039263928547911 0.002262809115888153 0.0007003932977749043 0.08215553520224604 2.993133751174805e-05 5.98626750234961e-06 0.0076743949380122 0.0009398439978688887 0.02511239217235661 0.009584014271261725 2.993133751174805e-05 0.0002214918975869356 5.98626750234961e-06 0.005351723147100551 5.98626750234961e-06 0.09303258325401528
 0.01675913349754829 0.007729229494233293 0.0491148507101913 0.04979396394944635 0.04864867975782131 0.02155321255093349 0.02471281567255232 3.45311816570363e-05 0.001375492069338613 5.755196942839384e-06 0.007527797601233914 0.04763576509588158 0.05661962752365386 0.2786896567600543 0.0428013996638965 0.004805589447270886 0.0001611455143995027 0.03409378668938051 0.1259582402909828 0.1234604848177905 0.0007539307995119593 0.01977485669559612 2.877598471419692e-05 0.0016805175073091 1.151039388567877e-05 0.003418586984046594 0.0328506641497272
 0.03696572968810165 0.0003850596842510589 0.0003850596842510589 0.0003850596842510589 0.2164035425490951 0.0003850596842510589 0.0003850596842510589 0.0003850596842510589 0.004620716211012707 0.0003850596842510589 0.0003850596842510589 0.0003850596842510589 0.0003850596842510589 0.0003850596842510589 0.2760877936080092 0.0003850596842510589 0.0003850596842510589 0.0003850596842510589 0.0003850596842510589 0.0003850596842510589 0.4559106661532538 0.0003850596842510589 0.0003850596842510589 0.0003850596842510589 0.0003850596842510589 0.0003850596842510589 0.001925298421255295
 0.02808631403826393 0.0003914468855507168 0.002348681313304301 0.0001957234427753584 0.2769486715271322 0.0006850320497137545 0.0006361011890199149 0.0400254440475608 0.1664138572197485 4.893086069383961e-05 4.893086069383961e-05 0.01663649263590547 0.001467925820815188 0.1013847433576357 0.02930958555560992 9.786172138767921e-05 4.893086069383961e-05 0.004697362626608602 0.03660028379899202 0.0002935851641630376 0.03317512355042325 0.0006361011890199149 0.004061261437588688 4.893086069383961e-05 0.0049420169300778 4.893086069383961e-05 0.2507217301952341
 0.07960137158011416 0.0007458743823227772 0.0007355150159016274 0.07161430006940775 0.1771866032673442 0.02386798023432887 0.0009012648786400224 5.179683210574841e-05 0.09850721529871233 1.035936642114968e-05 0.01074266297873222 0.136826511690545 0.004050512270669526 0.001274202069801411 0.0864696315173364 0.003946918606458029 2.071873284229936e-05 0.004806746019413452 0.01607773668562431 0.01701007966352778 0.01569444012804177 0.004382011996146316 0.004848183485098051 1.035936642114968e-05 0.1036868985092872 0.0002693435269498917 0.1366607618278066
 0.1528557065481789 0.01761100120001297 0.0006000064865566114 1.621639152855706e-05 0.2460513086627963 0.002172996464826647 3.243278305711413e-05 1.621639152855706e-05 0.08213602309214153 1.621639152855706e-05 0.0001135147406998995 0.002643271819154802 0.02242726948399442 0.003697337268511011 0.1089579346803749 0.05563843933447929 1.621639152855706e-05 0.001329744105341679 0.03110303895177245 0.000972983491713424 0.02713002302727597 1.621639152855706e-05 0.0001135147406998995 1.621639152855706e-05 0.03984367398566471 1.621639152855706e-05 0.2044562643920475
